version https://git-lfs.github.com/spec/v1
oid sha256:7f5af5e807f74c2e9891d7e9ca2f226ac904b15a0d80a8a2094cab03c268512f
size 27897
